40
40
0
12 10 7 13 14 3 12 9 3 14 7 11 12 12 13 11 5 12 9 11 12 12 6 6 6 12 9 12 11 9 12 10 6 12 12 9 7 6 3 6
3 13 14 6 15 11 11 7 13 9 14 15 15 15 3 5 6 15 13 7 3 10 10 5 9 11 5 3 15 11 9 10 13 14 15 3 3 13 12 10
12 14 14 13 3 6 15 7 5 5 6 10 3 15 12 7 15 15 15 6 9 11 13 12 9 3 3 9 13 12 3 7 7 3 15 5 6 12 3 5
12 10 11 7 13 12 9 3 6 10 10 9 12 15 13 14 15 13 12 6 13 11 11 6 11 10 12 10 3 3 10 10 6 9 13 13 7 6 7 9
12 10 15 9 14 3 6 7 7 13 10 10 14 10 6 5 13 3 13 14 10 7 6 11 9 6 15 14 10 12 14 7 10 3 6 3 9 11 10 12
9 5 3 3 13 10 3 15 6 9 12 3 13 3 9 3 11 9 6 9 6 5 3 12 14 15 13 3 15 3 3 3 9 13 14 7 10 13 3 10
6 5 6 12 14 10 3 14 6 10 15 13 7 6 6 10 6 3 3 11 10 5 9 13 6 6 3 13 14 15 11 12 13 13 5 12 13 9 13 13
6 3 5 13 11 6 15 13 10 9 14 14 15 11 6 14 10 13 6 14 15 15 5 3 3 14 9 12 14 7 12 9 6 12 14 9 14 13 14 13
3 11 6 10 10 9 7 15 6 12 13 7 3 9 10 3 12 14 6 14 15 9 12 11 7 7 9 9 7 11 9 11 11 7 15 15 14 12 3 14
6 5 11 9 6 11 12 14 5 5 14 9 9 3 12 5 15 13 7 15 13 9 10 6 15 15 14 11 12 7 12 11 13 11 3 7 7 13 13 5
3 3 12 10 10 14 14 13 11 9 3 14 9 5 11 3 6 9 14 15 5 7 12 9 13 15 15 11 13 6 11 5 3 12 3 14 7 7 3 10
11 15 9 12 9 5 3 5 15 9 10 11 10 6 7 13 5 5 3 13 3 3 7 11 6 15 7 5 10 5 6 6 15 13 7 12 11 3 6 7
10 10 3 15 7 15 7 9 12 11 7 5 6 13 7 12 14 5 13 11 5 5 6 15 12 6 12 9 10 11 12 9 3 9 15 10 11 9 9 13
13 13 3 15 6 11 9 10 12 11 3 13 13 5 15 7 9 9 10 9 5 5 6 11 6 10 7 12 14 6 6 13 5 12 6 10 11 15 3 10
14 15 13 5 6 14 10 13 7 14 5 10 3 6 14 5 9 13 11 9 5 7 7 13 15 6 12 5 11 9 9 10 6 5 12 12 7 13 14 12
9 7 11 13 5 15 15 15 9 3 10 14 6 10 3 12 9 15 15 15 6 11 15 13 6 14 11 5 13 5 10 10 7 3 14 15 12 11 15 3
9 15 11 5 9 5 3 13 15 15 12 12 5 6 14 12 6 14 3 12 13 14 11 9 6 5 7 6 14 14 14 11 7 13 3 9 9 15 14 10
14 6 9 10 11 14 10 11 15 7 9 3 10 14 9 9 13 12 5 5 12 6 6 6 7 11 14 13 9 10 9 10 6 3 9 6 14 9 5 10
10 6 12 12 11 14 11 15 11 11 12 5 6 3 9 15 12 7 13 9 6 11 6 10 3 14 12 13 3 7 9 9 15 9 10 7 5 7 13 5
6 14 3 14 9 6 14 11 11 3 3 12 10 12 14 10 9 13 7 3 3 10 10 12 7 12 14 15 7 3 7 11 7 15 15 9 12 13 7 5
3 13 11 12 14 15 11 9 11 11 5 5 3 10 11 14 3 14 15 5 6 12 5 10 11 12 6 7 15 12 12 7 15 13 12 13 12 12 3 10
10 7 11 6 15 9 6 11 14 11 5 6 3 13 9 11 6 3 3 3 12 13 6 6 15 9 12 15 14 14 9 3 7 7 6 7 7 12 3 3
7 12 3 15 7 9 14 3 3 9 7 13 13 15 9 12 9 12 5 9 9 13 15 3 3 12 6 14 9 5 14 15 11 5 14 11 3 9 14 9
10 6 3 6 14 7 6 12 6 7 14 11 10 11 13 5 3 11 11 5 14 10 14 9 9 10 6 3 9 11 10 12 3 11 3 3 5 13 6 14
10 5 6 14 3 7 14 14 10 14 9 9 12 11 6 15 15 3 5 3 11 12 5 10 12 3 10 5 12 15 6 6 3 6 14 15 12 9 3 10
5 14 14 11 12 5 5 7 7 15 5 6 9 3 9 7 3 12 7 7 13 7 3 15 13 10 14 10 6 14 12 11 14 11 11 13 14 9 10 12
14 15 14 3 5 14 5 14 6 14 10 3 12 12 10 6 11 13 5 3 12 10 9 7 14 9 3 5 5 13 11 9 6 10 9 13 7 6 13 3
11 14 14 13 3 13 5 5 3 14 9 7 9 10 9 15 15 15 7 5 13 6 15 9 11 6 6 13 15 11 14 11 7 13 3 10 7 3 13 7
10 3 5 13 7 10 10 5 7 12 3 12 3 15 5 15 7 10 12 11 11 9 9 10 5 6 7 6 3 15 13 6 5 7 12 3 10 11 10 10
10 12 7 3 10 14 6 10 12 9 3 13 14 12 9 7 14 3 15 9 12 15 5 13 10 9 10 13 12 7 15 15 3 6 11 6 6 11 5 10
6 9 14 9 10 5 9 15 7 13 14 13 6 3 7 6 3 9 7 10 13 12 9 15 6 6 10 11 15 14 15 9 9 13 9 5 15 13 15 11
6 13 3 12 13 5 11 13 10 3 6 6 11 7 6 7 14 13 12 6 9 11 11 13 9 14 11 9 6 10 6 12 13 12 3 10 15 14 15 13
5 12 12 7 6 10 11 14 11 14 6 12 15 11 6 11 11 5 5 12 7 15 6 10 5 9 11 3 6 3 10 7 13 14 11 9 13 11 6 10
9 7 6 3 14 13 10 9 6 6 15 7 5 5 9 7 14 3 6 13 7 3 5 6 15 14 5 12 3 5 6 12 10 11 7 7 12 6 3 14
12 7 11 12 5 9 7 12 10 10 10 5 11 15 9 5 12 6 9 7 9 9 5 6 15 15 15 14 11 11 14 13 15 6 9 13 3 10 10 5
13 6 13 12 7 14 3 12 14 11 9 5 10 5 5 10 3 11 12 5 11 11 3 14 5 5 12 11 6 13 14 14 3 3 13 3 9 15 15 12
13 14 11 7 14 14 3 6 13 10 5 7 12 13 12 11 15 5 3 6 14 3 5 12 3 6 9 15 10 13 13 14 9 6 12 13 11 10 6 3
11 15 7 14 11 3 9 12 7 3 10 9 6 13 3 7 15 14 12 9 15 11 3 3 5 12 5 5 12 3 11 11 9 12 10 11 14 15 7 3
13 7 15 3 5 3 15 13 3 12 6 13 14 7 7 9 7 15 3 5 10 11 15 7 5 7 15 7 14 9 13 14 9 6 9 13 6 13 9 9
3 5 7 7 9 3 6 9 5 5 13 9 9 3 6 5 5 12 6 7 6 12 14 5 10 10 11 12 6 13 13 11 13 10 5 7 6 6 10 6
